AP880623-0294,6.2904762607996885,8.548155281038522,69.00608547833917
AP880917-0104,5.754637263459357,7.923891606075255,68.2612099408472
AP880721-0095,5.45833696928799,7.815543811543354,65.79643644034432
AP890424-0284,4.104691699520993,6.621954600935412,54.00697279021084
AP890412-0121,5.159808610357809,7.22281318300281,62.30475931282343
AP880528-0031,4.882049809153303,7.2831220688081,62.21245779538517
AP880409-0180,4.776836608912076,7.2170082036258805,57.86504146094311
AP880321-0288,7.4092006017240495,9.673661266181771,69.46641543158914
AP880609-0179,6.547803299921081,9.033851028058763,68.24298709944102
AP891218-0158,5.349152740339037,7.093508129486404,62.920119424633036
AP891205-0198,6.288273320963944,9.186948168951588,67.73775265364522
AP890308-0220,4.97400932370304,7.2388458447456765,62.6117274836447
AP880401-0072,5.942625286118013,8.008940777027483,65.92784233677285
AP890406-0119,5.282802423524492,7.6842773334524495,61.499665437380564
AP890302-0037,4.968248749156361,7.179205325350808,63.45730596511292
AP890209-0263,5.066135116019561,7.291257256053699,63.89148705528655
AP880622-0299,5.743969709840426,8.119364904904344,59.799826673581606
AP890218-0025,6.228836949065737,8.999214495898011,63.90310568199225
AP890410-0259,6.298513030524675,8.749475435117999,62.02346378850218
AP881013-0147,7.138774258958806,9.469336056622332,72.82222913045894
AP890902-0140,4.6251924464369525,6.729712663996454,60.73469657283955
AP880930-0069,5.462460691660105,7.612995047319426,66.41482244996251
AP890629-0038,4.621061093716692,6.815838281122614,60.526834576921395
AP880802-0131,5.515718418048936,8.033777352625325,64.87121929656436
AP880321-0151,7.717524104891939,10.053364929245623,74.57378845200132
AP890228-0135,4.645463615140398,6.704279564164628,60.08076722378716
AP880725-0117,6.181276687032161,8.522016356051335,66.05248563354333
AP880727-0195,7.381407602222185,10.066553097551388,74.73590640288823
AP880321-0121,6.656581300097284,8.687108172299599,72.0785082076776
AP890712-0128,4.943520933551698,7.602130183414905,61.3307440640346
AP890713-0202,6.610875820523243,8.849840352315423,72.15400568672172
AP880706-0326,7.132446612619347,9.643384379875137,66.81231856451305
AP890722-0115,5.928734417255695,8.944315979957434,66.00480866467831
AP890509-0192,5.261465447510018,7.843224929702662,64.05420655633235
AP890426-0210,6.005585462420522,8.30781436394339,61.0244532621342
AP890626-0240,6.088813768956532,8.120561739412253,64.67657866328622
AP890202-0029,6.215092929620667,8.012706741807458,64.12817726883735
AP880226-0015,5.207293292677558,7.661316130184266,63.37267066188135
AP890127-0050,6.14491175308475,8.378362908542446,69.38643334525531
AP891130-0175,5.876684134716004,8.509785248530228,65.37813795067207
AP890107-0063,5.983741610460078,8.5433373379004,69.79936188795878
AP890407-0256,5.0355684303867365,7.129028603977174,62.4197292607928
AP891208-0225,5.187617897192848,7.329007731492053,61.81049109306711
AP880825-0156,4.762153228261844,6.766559484831264,61.77687252755021
AP880702-0133,6.065673357971956,8.395536255401199,65.60845562710901
AP890123-0224,5.14028360543635,6.819012196325386,61.4724056353604
AP890608-0152,5.06940448866699,7.305851146752644,64.23244700313975
AP880629-0144,5.198887481394811,7.401613190954817,63.84804725821168
AP880908-0188,6.275796418210785,8.762232726870252,70.75363048707918
AP890803-0059,4.862424978072856,6.797975769637619,59.93377407035129
AP880325-0237,4.8896413077155,6.883242998755706,60.2972487602739
AP880513-0101,7.5091056045593305,9.390322730792603,70.18367397398013
AP891009-0097,5.425124532476624,8.596480741448334,61.594887924382505
AP890512-0173,6.228964595374224,9.051159063475247,65.36332412301748
AP890703-0137,5.454930030118527,7.745749398401465,60.05173360314185
AP880920-0044,4.46141581719524,6.4690454488417375,59.355103414913984
AP890405-0035,4.8380188621294264,7.180220903786818,62.5724295058662
AP881118-0110,5.390460680139712,7.099413977796708,66.08618801857617
AP890727-0011,4.696454584599019,6.63165507902108,60.52186178495421
AP890414-0086,6.7553275735927,9.088720404973026,63.723467002994276
AP880809-0056,5.455139902183063,7.713258595541047,65.41683729196438
AP881123-0283,6.4154365777724305,8.280688683901047,67.51231266151268
AP891215-0107,7.003219771760975,9.091449926287563,66.84433607632292
AP880225-0196,4.894724181466487,6.912543454285696,63.007210059944605
AP890308-0225,5.496253460092297,7.342036243164223,65.29916140960813
AP881119-0060,4.739734043749932,6.824840433201221,59.778260392821096
AP880827-0141,5.708325888668987,7.6719595565498295,64.13253762907468
AP890202-0234,6.448916695853169,9.158829978618794,60.70634727344363
AP891104-0005,8.051822533107726,10.009506981598316,72.56079571364245
AP881206-0121,5.123608372281461,7.667894304247225,63.70610313802569
AP880421-0310,4.4997104196223505,6.694787484890465,55.97606263826994
AP880220-0009,6.48326840884595,8.952839516470561,69.63608329606306
AP881027-0126,6.045104400612397,7.724547839663348,63.6758988950438
AP890925-0191,4.275848221641609,6.31980795402351,56.58226425203463
AP890107-0088,5.55121061423421,7.642293938670456,65.01041593291731
AP881129-0210,5.746718522358506,7.5921766765360115,70.10777018889908
AP891130-0220,4.648010693251194,6.707370365730928,56.97109831092664
AP891223-0097,5.896241418799786,7.606246299105495,61.47791251855988
AP890430-0036,6.107080104191695,7.962949760907335,60.07711047377731
AP880428-0135,5.369496687353054,7.6420456446450915,65.80513580266462
AP891219-0099,4.892758146800641,6.121490239863243,57.059816132018184
AP890404-0141,5.797697426543034,8.010012332593162,65.8425534713118
AP891124-0188,4.798790178516367,7.07508485449809,60.29108537362734
AP880312-0006,4.398378700236194,6.521187636033516,56.425406005517026
AP891208-0058,6.218737054421156,8.399449040966626,62.698884894222694
AP890505-0258,5.154048564669957,7.12086106573052,62.87897304333217
AP891211-0031,4.962889930180812,8.014036145716673,61.8012064879663
AP890626-0132,5.2846728956883045,7.3644567646276995,63.80497687284458
AP890211-0142,5.242508428525424,7.412688567653774,60.75588371589746
AP890525-0147,6.523582793495345,8.669316063725981,70.1947158259641
AP880706-0299,5.17678272690503,7.04611880818422,63.32661654751696
AP891130-0014,6.210201891746179,8.042363561838457,65.2003345152993
AP880325-0087,5.165525975722247,7.844499063266417,60.48234662482584
AP890128-0016,5.3179008196715865,7.41901622585052,64.68020870964207
AP891023-0111,5.6992895103054675,8.28225202724239,64.42888919310685
AP881026-0117,4.831990027152278,7.147795169895352,60.4458260045944
AP880627-0153,5.72631625944158,7.858793508081021,68.3188684097664
AP881116-0010,5.130305988824878,6.949923847085826,62.85157186606557
AP880916-0032,6.480842523716566,8.765411418324932,70.59535681537662
AP881204-0007,5.116330501131687,7.189397848487362,62.24703988135037
AP890719-0025,5.853187023557679,8.300410992917334,66.84485512957411
AP880421-0166,5.104567422484791,7.477607745720488,62.9907972433719
AP880530-0182,5.154586826723448,7.448331854976389,63.639840253782964
AP890728-0157,5.5454444122138336,7.80221006017541,65.85871852048778
AP890419-0139,5.3473317797355,7.588560856562246,66.51841155035005
AP880608-0215,5.863108140716788,7.861948519096842,65.58741641704232
AP890202-0227,4.941845842171772,7.096879353783156,63.07674094324152
AP890422-0040,6.717840854338464,8.998631163735096,70.0553316991133
AP880823-0204,7.1220981715957326,9.443025462729885,67.47523024998975
AP890523-0136,5.046152773171403,7.252367277052737,63.74708860769782
AP890729-0052,6.242530252977902,8.565796833913375,68.77367225115307
AP880914-0112,6.072414228741064,8.411603126221232,66.20432819455124
AP880502-0077,5.554825661986135,8.02410348694516,65.08254762104015
AP890518-0144,5.935696039155474,8.069276818114826,69.08379062878589
AP891127-0132,5.76912597256046,8.172357772208462,65.72176090851944
AP890927-0033,5.791733730833367,8.061247839387912,68.03919818344178
AP891108-0155,6.298105857754739,8.446734417870916,68.99236198946343
AP891120-0176,6.2822721087470645,8.676715680681653,67.64178185396848
AP881001-0081,5.066282769952592,7.584444973129738,61.786270508808926
AP881111-0167,5.644535212969716,7.8112322536705685,66.89918512950176
AP881121-0106,7.101316736457716,10.543611499147708,66.08117127330851
AP880823-0008,4.5163097698482515,6.408019584207037,59.71990703876311
AP880320-0047,6.242693877873906,8.724102105228734,66.42510134245244
AP880802-0073,5.829440072020861,7.932609183267766,68.2092953410909
AP880414-0285,5.408565517897291,7.643350291796995,65.88128070126189
AP880718-0115,3.958903503611591,6.375951882356258,52.95192007146424
AP880420-0181,5.716215081031702,7.787164686331467,67.8738715915971
AP880711-0175,5.441797484898335,7.2645712944713665,66.30662644911442
AP891212-0051,5.623491899453585,7.374738265020449,67.22152046280353
AP890629-0030,5.604679998357735,7.737695813826724,67.32259109130774
AP880313-0097,5.085743557963923,7.408631369354465,62.57053853618756
AP880324-0305,6.015680574071487,8.120733271658029,67.10464161780814
AP880723-0185,6.291178989329342,8.867339480655017,68.63083322222157
AP890802-0190,5.8574894763612875,8.407526726439293,65.97682228559022
AP890403-0101,4.346299834227506,6.566994095878584,57.620769266894094
AP880811-0157,5.7731460754502,7.6451064966368,67.85772061628795
AP881206-0088,5.384161855427735,7.746353894290973,62.060476022370494
AP880220-0125,5.095864288546295,7.041639924326454,62.948029449711804
AP880531-0026,3.6008116525297114,5.591546366931478,50.97601038738067
AP891229-0186,4.522262574235639,6.783970276396949,59.36888427057763
AP880310-0226,4.542367895182935,6.917204766109328,57.43660200504314
AP880803-0103,5.548325396784905,7.398059700390116,67.24855010805928
AP890104-0157,7.199261125740875,8.976361463190308,67.57781295767464
AP890311-0159,4.213675200082669,6.0886749364783865,56.45603798939819
AP880326-0137,4.9492640327905155,7.71498441361773,56.17811387942046
AP891212-0076,5.664762778252523,7.743896139543259,68.79358636114851
AP881104-0104,5.032446248637574,6.98950319739586,64.60892595833977
AP890202-0004,5.998869123158928,7.989516015992383,63.086333539978675
AP890414-0017,5.7893621098727674,7.727781899212651,65.57135834610298
AP881027-0186,4.440884192652861,6.456311825323179,56.77624742112487
AP880601-0222,5.536798050999572,7.508432015329262,65.09994913825086
AP880610-0043,4.811477188971178,6.873601899943496,62.741374699881334
AP880413-0234,6.548897095358116,8.745658880329389,70.22959640367324
AP880713-0031,5.597640987019164,8.787052411547688,64.74478249180142
AP880411-0049,4.024189000103931,6.312567091363982,54.85902328549507
AP880223-0026,3.891467509887298,6.01501219760503,54.16922287347737
AP890704-0109,4.777909959221953,6.7837773900754295,59.78869635301097
AP890522-0296,6.145521815500355,8.287674793636159,64.82335526876702
AP881020-0180,5.594002135064683,7.413046739997331,67.49794606753755
AP880801-0121,5.285119988221105,7.246551293865899,64.60854139455813
AP881209-0034,5.716140614698579,8.224873392568925,65.99430357901404
AP891214-0098,5.9980545812372315,8.122240188885606,68.55666563968472
AP891021-0077,5.891153099006506,7.878321127498077,69.36336931351813
AP881024-0053,5.786072543919697,8.108252263666875,67.57102341977186
AP890901-0017,4.966641237051834,6.812062263010828,61.68056972989891
AP880603-0173,5.727938373435625,7.796397517410364,64.78200066954437
AP890904-0045,4.718667859527359,7.021594706305824,61.26557609002006
AP880622-0316,4.9877653117108585,8.01961608322897,59.719259993427265
AP880630-0145,4.487565798918616,5.633341994025033,58.90886798214339
AP890918-0032,6.304448083922945,8.741094941514595,69.90152109314151
AP891122-0068,5.658924336221577,7.275708271112811,64.29079365472366
AP890205-0052,5.130442931914678,7.003075804040911,62.25281190891565
AP880613-0034,7.359225730505635,9.521897462083583,74.62269797152472
AP890419-0092,5.080456168860569,7.241238396919514,64.01129159187818
AP880521-0028,7.0286006382240895,9.264402705370056,75.79628981364378
AP880221-0034,5.135810900471497,7.04350029188842,53.87086462488806
AP890916-0040,5.718796979119443,8.592837771703003,65.75659433980168
AP880606-0073,5.436564448871366,7.5115334306834045,66.59653601409462
AP890531-0230,5.745507070705768,7.654850227139218,69.89430242328487
AP880728-0157,5.499355950697502,7.651093903244933,65.51373107445687
AP890226-0022,5.172298702494577,7.397985797147692,63.891054667788396
AP880409-0174,3.6126082946375924,5.56516154836769,51.46505413763712
AP880423-0081,4.20292511586689,6.208043720482501,57.15964320898661
AP880421-0011,6.882474161305359,9.282360004664525,70.77997998139246
AP891020-0231,5.043029071160798,6.956087535164263,64.98132239111054
AP890817-0039,7.893924384102533,9.58375996979018,71.1079212581276
AP890325-0114,5.513559050408726,7.840325928208124,62.97236476695323
AP880510-0175,7.147839506033866,9.343277703311994,75.40510894077349
AP891108-0064,5.799252989649814,8.104355782167332,65.22285619057438
AP890810-0212,7.20809617932963,9.083579135710824,73.60267160119287
AP891104-0133,4.901658360531943,7.172753879012904,62.74489571562431
AP890720-0241,6.855968479794598,9.238152709785192,71.60302632675153
AP890816-0057,6.055429026236355,8.179413478229366,68.58892409913962
AP880618-0079,5.617549298511634,9.460449532206235,61.78579545308921
AP880216-0127,4.737996001764369,7.05131401059846,61.37999837048809
AP880418-0006,6.05204827859499,9.735167310006545,63.297493969152626
AP880318-0173,6.084183078804882,8.415426299011049,66.25339389784426
AP880706-0138,4.895354018360596,6.638489003043696,56.80568129670931
AP880302-0232,5.156566070478668,7.007843287183448,64.0337219810009
AP890416-0082,6.066621819961701,8.000297036956214,67.46166177573313
AP880920-0161,6.559820871911704,8.308946661625777,71.58370179275862
AP891119-0020,7.1247299596892715,8.934178386766389,70.1162839307243
AP890313-0100,7.099930870142055,10.013991813476755,62.52480924681127
AP891229-0168,5.781094646845348,7.753603478312765,68.42369831619274
AP880929-0138,4.49831137699192,6.630582206048283,59.56275584706071
AP880825-0236,5.829322437002852,8.248874695105032,66.1145722517962
AP890711-0158,5.983214494991138,8.422664418066955,66.77494547986447
AP880908-0152,5.574471090600726,9.044244828801283,60.08165648969194
AP891107-0244,4.666924368743117,6.806909122060985,57.775382223531935
AP880420-0258,5.849259610040269,7.719387163039287,69.34122072235081
AP880215-0223,7.187514119776623,8.856780026057665,73.20727884605796
AP881104-0070,6.666377079510582,9.64127220267389,69.16381197684997
AP881029-0101,5.694626959402431,8.16561895312985,66.84757795906368
AP880226-0220,4.634204696274395,7.029895132497966,59.81595203189323
AP890817-0173,7.290789727553902,9.336931329917856,65.2549690987427
AP890227-0287,4.290399268111796,7.07628127749371,53.95226280894687
AP880617-0289,4.872621974152046,6.993361095944392,60.8798005721875
AP880726-0143,6.025411479203872,8.244190760397982,69.57578713005695
AP890703-0148,5.3624178819248085,7.779664472473085,64.12110864315105
AP890301-0238,5.3495596657304025,8.003332467406073,64.2418338642166
AP880401-0284,5.408318384672347,7.584419994515146,60.093252165526934
AP880421-0122,5.679058157131703,7.499903448526101,62.179405022392565
AP891215-0105,7.060932094733817,9.335829837564837,66.7414598556226
AP890524-0142,5.776183393690305,8.48605094014574,61.2533524302702
AP880701-0042,4.021792749615461,6.277253730703584,53.26312854251945
AP890308-0120,5.463630370700726,7.663939283264977,64.00979542947485
AP891113-0164,5.997638432421307,8.449463468292748,65.54324495977832
AP880614-0056,6.172938315312669,8.071271155065983,59.20003327210451
AP890619-0215,5.584115239598819,8.410277849662181,64.657263867742
AP891125-0082,5.647406331715002,7.805371114123432,68.13431656921917
AP880829-0248,4.760961502233448,6.870868990031623,59.57078910185909
AP880310-0268,4.210199445966075,6.083798103579081,54.78333407697318
AP890126-0068,5.818911005456645,9.022214142126288,66.8328270868749
AP881213-0156,4.633876293405651,6.785050666678989,58.06896315752676
AP890621-0225,5.249390373229167,7.188328266769528,63.70270782477197
AP890828-0248,5.1131297117152075,7.239045218148202,62.36111454558629
AP890712-0145,6.698772244628782,9.533273007657101,67.34769651697752
AP890908-0081,6.74729627843995,8.97865736244856,69.02088427707568
AP890919-0211,5.402229342837765,7.6228553895526705,64.85851870841081
AP891220-0104,6.146206267647566,9.065875470848473,65.33188658419319
AP890324-0215,6.959854675896251,9.85925017238274,61.98477544264232
AP880604-0024,6.128578987902003,8.302719434096879,67.47246969673134
AP881124-0125,5.134933479895463,7.301292955483343,61.382746148164934
AP890428-0011,4.983722574205524,7.233157226224469,61.11761985903479
GX007-93-12310235,7.865297599083374,10.534843763796381,73.60519285403792
GX009-91-3983369,5.105360548133967,7.899215108678201,63.846363159944886
GX011-80-1074652,5.2951165952437815,7.454693090881723,63.39117243851107
GX010-11-11242343,6.25224571407034,8.362567131514037,68.42845426489396
GX244-55-7689023,4.523527459591853,6.519384447529966,60.26667387457599
GX058-10-5669493,5.382162578776304,7.265796857096197,63.68092541469872
GX037-41-11641254,4.602398942790235,6.978724912685317,60.63907894051067
GX244-07-12005999,6.6401108134847675,8.956758685963951,71.05082363351414
GX239-77-15534054,8.08534505767538,11.239828466074274,69.18594645983724
GX162-40-16201712,9.162236355606494,11.665634817909286,56.75946421422829
GX005-53-8274005,5.894854044738351,7.971775178089262,67.6652801161502
GX004-85-15927668,6.809155663850843,9.239008213433285,69.9948539921061
GX255-80-12989449,6.364931969396705,8.490846031951246,60.25799736305494
GX012-07-7065390,5.759394772766056,7.769879332461006,67.92314230299515
GX056-58-7243426,7.816155022936613,10.463440228600195,69.66438106387807
GX002-31-7845435,4.93291338718643,6.939349296014849,62.2357632858372
GX019-34-11505888,6.666238295113442,8.999821392897354,69.79467233508724
GX263-35-6742201,4.833759484310218,6.672837668976381,58.56483956612391
GX248-61-4740968,5.014064131391361,7.011868134722835,60.926739740608895
GX028-51-7031655,6.858867744975572,9.193267160678454,70.77727607843956
GX182-30-10232398,6.024675264943984,8.335661712999578,66.17593534372567
GX025-50-13449872,5.273068356849126,7.158436088862297,64.43612023214341
GX043-24-11458081,6.2059890161288385,8.539393299546566,70.22634564129082
GX047-87-9197196,5.97330617867353,8.398666301082448,69.00038098972084
GX099-91-1066558,5.620536599685118,7.765419300356254,62.064653110626296
GX051-11-11608435,5.987543451181146,7.855364244715784,68.56028008084523
GX248-12-6205349,5.649402850914002,7.993425564832236,66.89879597365946
GX000-41-7085133,7.612600143385228,9.925533101403893,63.77460764670419
GX238-51-14158726,5.6234010616326815,7.9025182865646615,68.02022758956988
GX010-22-12488512,5.658180990330787,8.081892308576368,65.71079492523387
GX013-29-16065442,5.619245915376718,7.846148540870427,66.18986556505125
GX039-61-13743625,7.67831107386111,9.874114843970375,74.0281390567825
GX038-08-1047355,4.231143390982748,6.288188870989361,57.22347633666438
GX241-06-4201661,6.196652929367265,8.280400853709574,68.33518223709106
GX269-69-7323852,3.532819838135617,5.755823519010917,46.77605539102062
GX028-26-7874309,4.672962955333697,6.8466243043528925,61.13984103437318
GX039-10-5518006,6.637073505960426,8.42054804742875,65.81880300504804
GX095-39-11484782,5.979798826610419,8.176768535628886,69.98651118640939
GX012-70-1701308,5.461530977365659,7.539135604724331,65.74008992085227
GX059-58-1690569,6.048356968956087,8.135620958407673,69.78932663100595
GX041-11-8127547,6.2534772916814,8.228281184478657,70.16706157530945
GX045-70-1117628,4.148909125704273,6.359549567195577,55.98939871146341
GX271-30-5088287,5.262591356331071,7.71185714935722,63.4091803116398
GX008-69-13596389,5.610249504522992,8.020244756542944,66.39647390904175
GX062-64-5997432,4.4805091597739075,6.795397804193829,54.60111125203865
GX181-71-0463042,6.123691111527288,8.158605254845213,67.04876284023361
GX237-83-3259184,5.463256483269159,8.420866604389477,60.50382213191468
GX249-32-15302501,3.5663616699081344,6.46660386639094,48.34340781457174
GX268-52-2344040,5.3218301473051985,7.531595786796113,64.73779693352814
GX005-66-14275144,7.99817850539596,10.257035601316474,77.01280009257263
GX042-57-4197908,5.062760106386896,7.13363153907911,64.46944477206439
GX253-15-11384719,5.211383944728383,7.474185238380391,58.58175037830772
FT934-3952,5.597076801208273,7.967972988159774,68.0305300556428
FBIS3-39240,6.6009458991313155,8.957657664175445,64.512417147694
FBIS3-40185,6.1630186319728075,8.66173266670261,69.14488733221853
FT941-10100,5.9021062168844605,7.709897257497367,68.5004216915598
FT931-4409,5.571944479119913,7.787736194569346,67.72353111837282
LA010189-0141,5.234025340635997,7.47133306845605,63.33620150822613
FR940318-0-00101,6.311213592430204,8.488513084026046,68.16946218955337
LA060889-0033,6.370564391398058,8.496415130786463,71.232235050995
FT934-5147,5.675147131770003,8.164345778207338,65.69856333851448
FBIS3-41598,4.768176198043909,7.063784978156942,60.072270482794835
FR940217-2-00013,6.63072470343361,8.606592935655526,69.92317710888116
FBIS3-22836,6.979618925149131,8.973697315752924,61.44321543775061
LA100690-0107,6.313954392756547,8.907362471197667,65.75345087743547
FT923-8257,6.260891801334935,8.802695163236848,69.54627542338466
LA050290-0059,7.359752305730289,9.690078674265873,73.4619580414348
FBIS3-33282,6.272671465172677,8.456950442001121,69.17416549586058
FT942-768,5.82693975874745,8.065842797700768,66.9143743317195
FR940111-2-00031,6.159306545662025,8.336651823430618,57.09003340144753
LA061390-0077,5.85353831598511,8.217886329910932,67.28369383318463
FT931-11616,5.36200445044866,7.692831018041511,65.078249033511
LA111190-0027,5.745097562687785,7.948618916621847,63.9507050420188
FBIS3-48894,7.054134330573433,8.835999234624717,73.6981362782624
FR940505-1-00242,6.747028265117271,9.015507824048852,71.27757814732871
FBIS3-60778,5.426826823846025,7.688477101641357,65.74822543283297
FBIS4-63852,6.284412038871085,8.956105874712398,67.46909949075128
FT943-8528,5.636473760342013,7.969772836767373,67.4863726966741
FBIS3-7689,6.9161129508231145,9.347476605467213,67.47637075491821
FR940525-1-00060,5.314692872779393,7.590244756239271,66.26557572592178
LA060590-0046,5.413812957435075,7.841400898718675,62.46277969403455
FT923-6521,5.552722709453326,7.472049174184961,65.18902016320368
LA071190-0129,6.705700511969364,8.704044844017199,71.16374485919755
LA122289-0076,5.000425581155234,6.5947740062265225,56.076319983838225
LA051289-0178,4.991815936059447,7.091795283464995,63.61216871121111
LA011489-0121,5.691561730756812,7.709886943121932,60.2865834697433
FT944-11346,5.584646043425143,7.801048327111111,63.94743960913477
FT942-6494,6.200843860597411,8.046447385387552,64.15023671354281
FBIS4-53910,5.726302125322824,7.621115298974312,64.41935548593652
LA031490-0077,5.406773317218346,7.377194247558225,65.92637947901129
LA040789-0040,5.551756859453567,7.4653547396856474,66.95945818586078
FT922-3424,5.154984121991902,7.536697884507191,64.50294688945023
LA122889-0074,6.026590592408526,8.092255770787048,65.30248666197495
FT924-2507,4.048190033378392,5.9905915596955275,54.07479009457715
LA081190-0094,5.053103739850824,7.317760978583625,62.11629350142281
FBIS3-22688,5.681977326892038,7.807592646881191,67.50578124405784
FT924-4583,5.018757548353066,7.158144894411225,62.63021267103498
FT924-4768,5.053573228856315,6.9759762696243754,60.39171908536737
FBIS4-17908,5.964336433585702,8.12804207671959,64.25265186492406
LA012490-0048,5.285615911243724,7.62522154466165,64.83188409506892
FT921-8098,6.096251473587161,8.63080184170687,66.01040055785379
FR941122-0-00087,5.241310954199118,7.485117535465795,64.08890963059078
LA112090-0041,4.751678366040364,7.029486315534986,58.30340659120812
LA052189-0013,5.919199716966513,8.01551674367398,65.87566918836114
FBIS4-51781,5.873759490904227,8.12415276006714,63.02122205537549
FT922-13711,7.302728052335321,8.918909053207628,64.61288698347083
FT942-7776,4.765458680539022,6.666907674816753,57.648312105754115
FT941-5245,6.413886206731713,8.569434337665587,66.648808594051
FBIS3-54525,4.747504908948853,7.051743009789709,60.98894456816905
FBIS4-14446,7.289897749778598,10.309636112044688,65.5753647063395
LA082989-0016,4.997963712849137,7.447073192027893,62.54353733161617
FT943-12288,5.750776181521581,7.983232376286531,67.07263345317271
FBIS4-10906,6.029381839871593,8.33477720885058,69.35275450457647
LA080489-0057,5.530617767835115,7.7318049877935255,63.66489411725578
FT921-12562,5.455767888321341,7.734567647274895,65.92334920752243
FT944-4092,5.636136728485079,8.092744155949038,66.9411135640853
LA111789-0141,4.940836366461772,7.004111845861058,59.325760695383536
FT923-437,5.939916522380721,7.97425647298227,65.56743478082686
LA052190-0103,5.514628624660375,7.685044000166226,65.58738772912025
LA042090-0123,5.862369451424357,8.029553309009433,66.46289297682347
FT933-7879,5.074092488283818,6.98280770860078,63.450655728901346
FT942-4421,5.055708617651451,7.301836561219904,62.823184736216064
FT944-18682,5.221998716804101,7.513105822165734,64.8003852396863
FR940817-2-00019,6.552680870622838,8.587132123652129,66.56209262375765
FT923-12937,5.28837520793866,7.54751572160182,64.27143553743707
LA010590-0075,6.354877295860513,8.224895791536012,64.83069997627945
LA101789-0057,7.108769894845213,10.021726158901604,66.61391132878991
FR940511-0-00062,6.734363088966113,9.051431832094353,71.54292113955184
LA112789-0106,5.4595223313539405,7.5167251915836015,66.25346750240574
FBIS4-51839,3.5934088347699573,5.796927701609468,49.41628402841705
LA111690-0002,5.3259193587185365,7.35226236974687,62.47204697941143
FBIS4-33117,6.034590414606782,8.405087915961827,68.9173117528828
LA060790-0008,5.003738269182428,7.063016644078816,63.324349142387554
LA111489-0003,4.4504831603759225,6.600910123197662,57.76124439378319
FBIS4-39383,5.472964650043364,7.634506919366604,67.01382023686149
FBIS3-60253,6.2572594517285705,8.371295671262255,66.28604513585867
FT944-5248,5.9417784258493995,8.317575133632475,68.66221550842076
FBIS3-19056,5.579013767554277,7.692879671296073,66.84931866087607
LA102589-0109,7.344593412141637,9.91947417973926,66.98266138458844
FBIS3-58832,5.678529068529445,7.888322835350825,67.39333569606511
FT924-1255,5.18474462377906,7.606440411941875,62.39276694747959
FT924-979,5.721160062557188,8.646175907693468,67.8524844406443
FBIS4-53596,5.6243318392706625,7.582226797277729,61.59071037142112
LA031789-0039,5.562439984868156,7.666812000901734,62.095234015585426
FBIS3-10018,7.349178432069818,9.73664723703897,67.06304634666358
LA031990-0016,5.5195339507952275,7.678854338241023,65.45972195205228
FBIS3-23959,5.241721688158544,7.534058204477629,64.84098869438178
LA120790-0178,6.429197032443085,8.691374209919815,69.12923505730416
FR940406-2-00174,5.27489560213089,7.792431431777254,61.1007815672244
FBIS3-2746,6.598580597740286,8.652345327869583,70.16307737273884
LA081789-0025,6.100039162573991,8.310139755816897,67.34938124078849
LA040690-0016,5.091901165567711,7.492756673889978,63.214231547281535
LA102289-0049,4.549408527846412,6.484952495815687,58.94721026975031
FT941-11412,7.122529109842754,9.62599133857897,70.9814681197462
FT941-15258,5.900962691114023,8.45682006410456,63.963683679388005
FT943-15585,5.175338407567422,7.416852026843276,62.32366403179668
FT933-219,5.810563759453342,7.998106315012032,69.85244150161097
LA041989-0063,5.628673288929858,7.54528785296031,66.11126925803818
FT943-14834,5.373273851190672,7.55896276464233,65.51952849138276
FT932-8409,6.33445662365713,8.690724752143762,71.13196189543321
LA100590-0009,5.055666193426651,6.774447061947207,61.61133032861626
FT941-8610,6.0571121896296685,9.061882049889457,62.735486656903625
FT923-4554,4.954347366957103,7.096882800001074,62.44154743521543
FT934-2957,4.9577890490848775,6.94429883253097,60.742389148925255
FBIS4-31073,5.2123078798402585,7.47797618237227,64.67511446326667
FBIS3-45804,4.616183957588293,7.020490661307349,59.343905260877605
FT941-5957,4.416376662333876,6.397340383184961,57.781662029576474
FT922-5274,5.559115451189491,7.997252847264033,67.15339837716141
LA032489-0044,6.408851345068203,8.750124135138382,66.95553274904313
FT923-2323,5.848163395295824,8.19596734219383,68.23761019017532
FBIS4-47102,7.03714070422121,9.31303566603933,67.40194144843444
FT942-8508,6.013281762416917,8.433423297333203,66.43107509520229
FT934-7301,5.297244369035465,7.846497343729043,63.99819562627831
FT943-9539,4.376312266227707,6.909961181254514,54.39025424409024
FBIS3-23491,5.10012547883995,7.196012545079275,63.314621164626345
FT923-10363,4.04625578452852,6.313471652591788,55.846719278839196
FR940913-0-00011,4.2057742347939095,6.910767476663595,53.833340480029534
FT944-3758,5.012831409078727,7.221606239901155,63.35666858862281
LA092990-0004,6.619736138619987,9.06150762856597,71.77456362330622
LA091289-0112,5.626944497869296,7.779263581767722,63.222802179535606
FT924-4322,5.4387715922091235,7.54813226977995,65.38120346611618
FT921-4613,6.723158540446001,8.003485456305043,66.32333087019249
FT944-1628,4.9844260632811155,7.158408951393117,63.22623114472645
FBIS4-40530,6.462665125989597,8.830306656989752,64.7541087185218
LA100490-0070,4.576843037362989,7.043817501461698,57.82529024876249
LA070989-0158,5.052597729236249,7.184903863153283,64.09815728138182
LA081489-0040,5.6362464725313455,8.12681344654895,55.674304846272655
FBIS3-41220,6.747334297870746,9.609805966843908,69.24058094364403
FBIS4-33288,6.6869061545782715,8.968903818434203,68.15598015633182
FT921-5044,5.284411605584788,7.765604149723189,64.11986368514482
LA071190-0029,6.449469192272376,8.645783108645166,72.36494167248357
FBIS4-52309,5.128222433692376,7.086841380750097,62.473365832430694
LA060390-0073,6.443056660990658,8.474746897836402,58.571434311682935
FR940405-1-00092,5.524431203769084,7.3536731368822625,64.5787669583697
LA081789-0020,5.522125157889908,7.68382792818529,67.64681159971462
LA111690-0058,4.559599363803731,6.800817859298495,60.46461061217943
FT923-6110,5.662488445143787,7.859728102898902,68.57454907913917
FBIS4-5631,6.2098645146562665,8.279912726481896,53.640104519714356
FT942-2505,5.640938013049078,8.115214892680605,64.45868435042678
FR940405-0-00020,6.31443733024728,8.840460462437317,66.72671124358878
FBIS3-4361,4.549719413921006,6.515071046523011,58.692722547074865
FT944-15143,5.810509567336192,8.013402586276028,69.24045666820489
FBIS3-20897,4.522800297151914,6.631198483795292,60.0175202716761
LA022389-0218,5.1703078034551115,7.115851539510104,64.51140937805542
FT924-2356,6.188830060337956,7.979001896812329,68.16115412743898
LA083089-0044,5.683094107971654,8.108149401455064,63.06487676505761
FBIS3-9311,5.515863353783527,7.755657637390722,66.39483558629789
FR940831-2-00152,5.377679334202975,8.771829527181337,54.71954524642205
LA060390-0136,4.993323366300411,7.30462754370832,62.65555762442629
FT933-3647,5.486054069769882,7.757443653790878,66.07979735621979
FT923-3617,7.208317326386137,9.437799237989376,69.1111512627997
LA071390-0053,4.124602150991299,6.733228475158808,49.559379345324245
LA061489-0087,4.9041718889912405,7.263606097120771,59.23060069329024
FT943-13239,5.9752559588860885,8.363250305929334,67.82548813657122
LA061090-0221,4.907106893923105,7.061415146005771,62.74980243251993
LA050390-0240,5.468790346155314,7.539863594844402,66.73757902781696
LA102689-0143,5.2809829056823645,7.110736768176516,65.02113231343283
LA071590-0193,5.046087815338494,7.759756130887849,61.99691997788287
LA120890-0010,6.4948527969740555,9.138622614425243,67.15558711134814
FT921-14761,8.42210003361453,11.521827183195391,64.31928357189874
LA051489-0205,5.677639797631514,8.193928334834274,66.62193382646706
FT933-15380,5.485055242948514,7.628330098383236,65.85951964160785
FR941207-1-00023,4.817943278885839,7.004365650762439,60.25716900091779
LA032989-0060,5.65149512521485,7.385434722192913,59.995954742836005
FT921-5609,4.79308510459457,6.81840950167441,61.536790232143495
FBIS4-2353,5.609792071092097,8.112473331046077,65.86118426340326
FT931-16191,4.007065815186978,6.101256894687261,53.51320672369756
FT943-7580,4.766025985706068,6.873031628017912,61.16516621976575
FBIS4-35578,5.52853307501721,8.033360742941133,64.29930672694006
FT943-13263,6.03155540408059,8.547982923945513,65.87639097401376
FBIS4-6232,4.727864584433942,6.891201197466048,58.729153574279934
FT924-8113,5.523400961642908,7.776853420814261,67.65915277390357
FBIS4-62259,5.504829510916584,7.814962252921138,66.57093504165255
FBIS3-59251,5.248062880173203,7.751099866159038,64.40621304463959
WTX099-B24-354,6.281819631417919,7.639109092675496,59.7353688098074
WTX101-B11-76,5.971768539984309,8.11955026531063,69.901944815813
WTX016-B14-3,6.009482796993439,8.456555317906682,70.12838596653759
WTX018-B20-194,6.465286229160017,9.074900822371395,71.05496320248358
WTX026-B08-107,5.194029578911114,7.508731071095846,61.24779036974809
WTX024-B42-140,5.398833758304687,7.395624155650956,67.01856785201447
WTX057-B41-159,5.001379274186506,7.739375095823714,62.60367918702275
WTX089-B39-68,5.2614640778493476,7.386418925830568,62.618942318687864
WTX081-B02-21,6.039888583626205,8.645837217006859,60.75494366889137
WTX054-B01-194,6.915327440240441,8.958728143055591,70.17242604947535
WTX076-B01-163,6.635366346605328,9.221867874954908,71.08245059589903
WTX032-B12-153,5.457077352223412,8.046503392327184,60.93063403636726
WTX095-B42-140,4.902730826895885,7.006414706872854,59.186581664663215
WTX100-B38-46,6.56337508663851,8.924078050997203,71.40394560285355
WTX007-B23-168,5.398114642634593,8.02085133375909,61.77880085265318
WTX103-B08-129,6.219665441841846,8.368978386159858,67.5709533263283
WTX055-B20-171,6.009602964568479,7.951774364019494,70.07471046772288
WTX005-B32-89,5.932377658399035,8.17230305883525,69.33225569997884
WTX075-B17-172,7.295320904235527,9.625113694360513,62.34754709614953
WTX089-B35-206,4.94672647518343,9.260161916760769,55.78030101313725
WTX038-B09-325,5.602665336040724,7.961404790267223,65.53957837886958
WTX069-B10-201,5.0057726934784075,7.11251069519556,59.10416940826216
WTX081-B24-154,4.9426715026246075,6.8706371259248185,61.35892739132909
WTX012-B01-13,4.950188996012287,6.993251563544638,63.49719772011763
WTX075-B46-114,7.221982975917198,9.638922828331438,68.31594708080658
WTX042-B24-60,6.520011051729656,8.579560204107846,72.73848556021255
WTX082-B28-250,7.149826085535382,9.201053430768484,72.0844880748253
WTX005-B27-138,6.569836267253436,9.024173937981518,68.25207869633267
WTX094-B13-165,8.517090765102132,11.126379249829954,61.258697148747565
WTX033-B18-207,6.735709729802018,8.997322783149503,62.83404675919619
WTX026-B17-307,6.830679381201181,10.053057422528193,68.02706900433438
WTX091-B03-478,4.337634068444766,6.657112748373381,56.99140295930152
WTX027-B07-9,5.801511476892581,8.124413604877597,64.68381134812293
WTX091-B18-4,4.469240887450793,6.520631603233325,58.69200579822945
WTX091-B19-93,5.82082780121725,8.035807290800053,67.88539053379588
WTX003-B06-129,7.311545106778577,9.602869071070351,69.1277832298087
WTX018-B45-20,4.401384125526155,5.405395734221209,57.89299494936361
WTX004-B09-278,5.214652688870208,8.250562699412406,63.36696603590244
WTX077-B26-141,5.3075636144062,7.877613324391044,65.16373116105564
WTX075-B46-126,7.767407216875782,9.91535953920027,69.14764582760472
WTX033-B27-117,8.61765945698223,10.905816871549765,69.03101349528595
WTX098-B02-3,6.4108035380438455,8.7202444044335,64.00175732250072
WTX098-B38-283,7.382018458831548,9.801282264994988,65.63939884902793
WTX020-B20-176,6.31884832665083,9.410120548115708,70.61200449399645
WTX015-B32-32,4.171960033852665,6.245347789519279,57.25569719979549
WTX082-B47-85,4.66557697163134,6.949028094824973,58.918692001542304
WTX008-B25-3,6.356192770991553,8.524948961829883,65.98732732489712
WTX029-B30-527,5.217960306089685,7.608725286404145,65.52336063757795
WTX004-B02-400,3.744206297328516,6.251350432782995,48.61057979845458
WTX020-B26-197,6.750594814493738,9.107392705692101,70.51389332863816
WTX014-B31-489,7.401939100082586,9.749061476570015,74.10109177118673
WTX046-B34-91,5.6462002518674375,7.748164922974988,65.07592616111367
WTX045-B28-110,7.2111848876567395,9.393268331162131,73.8888389023958
WTX052-B12-194,5.305074568035892,7.254291647492278,64.52657894168661
WTX089-B12-407,5.485411916085105,7.839866206309458,65.05920597851512
WTX053-B35-467,6.858643705860985,9.643720868247225,50.73562247459501
WTX072-B20-153,5.970901975413675,8.838139285224866,63.16957347174291
WTX093-B38-193,5.287828571380869,7.60738029263825,62.84721705426252
WTX017-B49-75,4.569395669657256,6.697359000662633,59.82788031682927
WTX032-B45-230,5.925235758862438,8.32773385674546,66.96295272771988
WTX095-B05-293,6.199989436418437,9.676605704582709,67.55271490774363
WTX035-B24-76,4.899760356247011,7.197102059518228,62.91818701923803
WTX077-B24-251,4.066535864824941,5.8057006504794195,55.73191459065022
WTX035-B22-303,5.630131704309934,8.6842161935468,58.097775604947806
WTX060-B05-184,7.964145226089043,10.88446143474059,60.75359534469005
WTX102-B11-388,5.377569076734178,7.39338505389369,62.92432670447787
WTX020-B20-34,7.6612838804302985,9.819230128473649,71.1232085968474
WTX014-B11-321,6.132309608830826,7.293580032255848,62.13989120143754
WTX037-B32-293,5.555751921553747,8.839697558175303,63.09640836132764
WTX086-B44-254,6.3931987832489785,8.75880767080404,66.54070246450003
WTX049-B50-20,7.200748581997553,9.95162433091674,64.9079024751644
WTX064-B48-196,5.133376854819305,8.039721022176781,63.061480236021026
WTX051-B26-13,5.710234122092851,8.141276347332422,68.33628502504449
WTX014-B31-524,6.474966512913784,8.730234535045213,71.34294732716822
WTX055-B12-189,7.067020267483429,10.23931530183457,65.32710257861885
WTX005-B48-79,6.897988417426385,9.156011391774086,72.11841517851515
WTX078-B32-69,5.010501976600172,7.1433925435885435,61.40311062134872
WTX102-B22-133,4.7210848216393995,7.1224128679592225,60.16039347497449
WTX059-B09-72,5.7563242870427,7.58699723638442,64.70044316136998
WTX075-B39-322,4.768189047933886,6.577945316096466,55.691036417843385
WTX089-B19-268,5.9673807433114785,7.761187579466377,63.10356655687698
WTX047-B39-305,4.4849091589907655,6.809391209682943,57.85547610185065
WTX018-B14-145,5.27051052955577,7.384816634995543,64.05507744511
WTX019-B40-24,7.460605958783917,9.742686760027164,69.61255797748011
WTX091-B17-152,5.021598936546431,7.307061538083794,59.883918015053936
WTX097-B15-21,6.239569650002645,8.202041393008566,65.7764679043034
