AP880623-0294,7.209605906876654,2.820462447633274,-0.014994503450417975
AP880917-0104,6.499170618864988,2.9688584733261125,-0.011073540858337136
AP880721-0095,7.452441183346783,1.9896166380937939,-0.019574693809563032
AP890424-0284,6.553476669383999,2.908837194902073,-0.011488706257776465
AP890412-0121,6.348117006190228,2.713642364117639,-0.017062938293478137
AP880528-0031,6.2758515176831,3.637842934811534,-0.019848668618345996
AP880409-0180,6.100896342599066,2.2095438903889315,-0.02481106213840287
AP880321-0288,10.766896425747635,2.8356887605348264,-0.014600125163500679
AP880609-0179,7.58485842215307,2.653435142167629,-0.049131818588044454
AP891218-0158,6.072237251421846,2.7066527797590463,-0.014761811075225423
AP891205-0198,6.721890569625482,1.8797623378380304,-0.11731402120176744
AP890308-0220,6.286494065694196,3.3206416789859974,-0.029039212267379502
AP880401-0072,6.958743766374994,2.5090573202717494,-0.021454405956550935
AP890406-0119,7.411242362036411,3.6661435567192724,-0.04186120986543346
AP890302-0037,6.346430971956928,2.229406725952752,-0.015073256267105983
AP890209-0263,6.261596998422468,2.876048486472808,-0.022065869263821647
AP880622-0299,6.367279151809884,2.1626333041600376,-0.03052406151669179
AP890218-0025,7.284511611021798,3.1318452704918314,-0.035138274800171274
AP890410-0259,9.17493515010655,1.2125847936434908,-0.023162214639614084
AP881013-0147,10.439110563476078,2.2081981544352014,-0.00634335738416566
AP890902-0140,6.172301728600758,1.984775604146818,-0.008556117716082704
AP880930-0069,6.48908644462554,2.5747636988346843,-0.020044072128240654
AP890629-0038,6.399741604584453,3.06630483270099,-0.014001996260775487
AP880802-0131,7.053440189116054,2.1374234314468397,-0.017248197807878375
AP880321-0151,8.224028032448476,4.634909701675268,-0.016919266174223346
AP890228-0135,6.478326049770176,1.7927364651368864,-0.03595737299229411
AP880725-0117,7.953021192197425,3.1683114772047034,-0.04622404613634623
AP880727-0195,8.0735393861181,2.710173504078722,-0.033336922104655935
AP880321-0121,7.0041378294435575,3.733219931537812,-0.06030063769494669
AP890712-0128,7.178142468862631,1.502166396271425,-0.017176033839017172
AP890713-0202,7.379469782953206,2.653860558695182,-0.029741797938441745
AP880706-0326,8.399919554992561,2.9476832913273983,-0.08611923941134186
AP890722-0115,7.241924770198863,3.3188626956131353,-0.04335489711585747
AP890509-0192,6.663107620994677,2.6613152199662657,-0.034720323846803985
AP890426-0210,7.738156703808541,2.8827258032163274,-0.01275066448788934
AP890626-0240,8.38774106077026,2.4204383012092796,-0.025274350338009382
AP890202-0029,6.970950468145159,1.6813261137677675,-0.03360528766616335
AP880226-0015,6.235370584390753,2.2595793792362735,-0.055915465323173874
AP890127-0050,6.380513226549776,2.8205155328954703,-0.044278571533634875
AP891130-0175,7.895183496110344,1.6721380766182699,-0.026455090882213636
AP890107-0063,6.683360398674356,3.0406185169034874,-0.016378003505220236
AP890407-0256,6.388401176807198,2.7170408361541387,-0.058334755685286906
AP891208-0225,6.67013573962834,2.067453754695457,-0.014004824699852928
AP880825-0156,6.519004447200117,3.182638944409638,-0.017464231971529152
AP880702-0133,6.960665456919869,2.1087433384694014,-0.021410833745128144
AP890123-0224,5.871350444393079,2.2316830385318758,-0.04389197328396076
AP890608-0152,6.11281050044507,2.604584968983352,-0.03214637808629512
AP880629-0144,6.292401834243874,1.997954024453288,-0.019082715433053326
AP880908-0188,7.826795896630611,3.5688631803785946,-0.026285010793035146
AP890803-0059,6.021549986068354,2.127839027515553,-0.024499882213232155
AP880325-0237,6.641216727278853,2.89855720149997,-0.05029240723510744
AP880513-0101,7.408623942573937,2.232984152040056,-0.031472711976609294
AP891009-0097,7.532366940202722,2.4598141395546866,-0.06797413654244884
AP890512-0173,8.915666521192215,2.0298092522987536,-0.05591473541337303
AP890703-0137,6.442556687192136,1.584490010167902,-0.008949738276771575
AP880920-0044,5.27391893253121,3.019379481823072,-0.01972464137675275
AP890405-0035,6.484020450102127,2.6235415683237284,-0.03481121673847667
AP881118-0110,6.484822900237619,3.0594665960485914,-0.03368133743325193
AP890727-0011,6.697947879041157,1.543099830691843,-0.0059603247126525875
AP890414-0086,10.225399533830275,2.5496595671468354,-0.09252067362853222
AP880809-0056,5.858325036672216,2.146320053583342,-0.029149729311933697
AP881123-0283,6.351731272065891,3.5105242547570326,-0.009832344398699445
AP891215-0107,7.387749661237509,1.216689797506487,-0.01900874984362675
AP880225-0196,6.42185736783221,2.0363112228464404,-0.018194952596557956
AP890308-0225,6.625106853507057,2.964404195669869,-0.03133843277098793
AP881119-0060,5.95767009418506,2.2028020293075343,-0.020553450657312816
AP880827-0141,6.67390133831071,3.033527012399973,-0.03384283905030485
AP890202-0234,12.495044276626636,1.57934754523027,-0.01242891270624689
AP891104-0005,7.349576126358363,3.268729550419782,-0.059357428642126585
AP881206-0121,7.139856105199137,2.2024107751449025,-0.03575476831992794
AP880421-0310,6.695538727959376,3.3300915112092846,-0.02628663401166729
AP880220-0009,7.68886363666157,3.428941273794628,-0.0504030689226226
AP881027-0126,6.331801726925976,3.48518324395778,-0.03055881685232227
AP890925-0191,5.379750599069613,1.754071362009054,-0.010200592789620183
AP890107-0088,6.696442872857824,3.1419655871221,-0.03290672857310997
AP881129-0210,7.061282134012576,4.323478454155706,-0.03537521947574526
AP891130-0220,6.394426048128195,1.449021211504122,-0.02293235366994843
AP891223-0097,5.588155373134766,1.9098064868120506,-0.014599322591495708
AP890430-0036,5.913601636878236,1.9969626666799383,-0.022261820034439442
AP880428-0135,6.350064169037974,2.4897285700962435,-0.010726793687126094
AP891219-0099,6.133499482014855,1.7307566564132515,-0.012048859162121235
AP890404-0141,7.337337835582113,3.1709452365660726,-0.04525389888446922
AP891124-0188,5.592545260765543,2.025245013442407,-0.017438667414241077
AP880312-0006,6.684728666208059,1.142314315669158,-0.015607878765233266
AP891208-0058,6.8918658041225305,1.852994771120836,-0.042583341354195045
AP890505-0258,6.466615915962898,2.241399254629722,-0.041254941650403755
AP891211-0031,7.128245859944054,2.605622318381955,-0.041193758024076564
AP890626-0132,6.049888227060845,2.403629025994576,-0.019722921229713263
AP890211-0142,6.936813934658637,3.3870755721880537,-0.05980404420289479
AP890525-0147,6.773167406071142,2.933834945552737,-0.014490210055658056
AP880706-0299,7.229072841940412,1.8697269858000172,-0.010850606322594441
AP891130-0014,6.471061432121048,2.9312471257330146,-0.04239459839458853
AP880325-0087,6.767194499427242,1.4066565043059498,-0.010262563357993125
AP890128-0016,7.158134671428595,2.4531356197358987,-0.019436955565893175
AP891023-0111,7.4799077308852695,2.4170239423735644,-0.039793231423037166
AP881026-0117,7.205804061489321,1.9232884468942923,-0.018129505310090163
AP880627-0153,6.4610273348662,5.2607737772501775,-0.04429067104234511
AP881116-0010,5.787829525129662,2.0179933654558235,-0.008392841253342343
AP880916-0032,5.979727051407733,2.3375763623512635,-0.012519290687235115
AP881204-0007,6.145884485912191,2.9413533920627346,-0.037976967456199856
AP890719-0025,6.781321372829216,3.4231309442640048,-0.0731832034450119
AP880421-0166,6.936705232081646,3.120986980785829,-0.034086214794908996
AP880530-0182,6.595083215022224,1.9924800455935106,-0.04053433639254332
AP890728-0157,6.904470672989551,4.540540144236315,-0.03662933417404242
AP890419-0139,6.771353747992603,3.1161339672315926,-0.013848956770217241
AP880608-0215,6.889799118324372,1.7587460610546972,-0.021048513424359858
AP890202-0227,6.206799725887802,1.8840401304887553,-0.014183262917683926
AP890422-0040,7.641102704045721,2.976653447983639,-0.007638813411096266
AP880823-0204,7.012462678117795,3.0489882535747506,-0.03833021810079162
AP890523-0136,7.681240280201934,2.1493656818780082,-0.017743485576182903
AP890729-0052,7.3471877612279535,3.7187903801600415,-0.04392564106702351
AP880914-0112,7.283084995013872,2.823207381176395,-0.033301007491569175
AP880502-0077,6.608044176651791,3.3820482091527717,-0.0559730914815399
AP890518-0144,7.229102500467753,3.2110797126611166,-0.026561101838064094
AP891127-0132,7.6259084417261525,1.7403398648186752,-0.02997444858440693
AP890927-0033,6.900996823599595,1.942882988299403,-0.028139380226153927
AP891108-0155,6.708853975180816,2.1499714329986235,-0.021469399666781613
AP891120-0176,7.420974724046226,6.621848340553386,-0.03656717264081088
AP881001-0081,6.298487904355034,2.422883215367034,-0.042791893508704
AP881111-0167,6.650489578145811,3.705996373110267,-0.06464931211066675
AP881121-0106,11.355401450259572,2.5725186783152445,-0.07568497747796202
AP880823-0008,5.931766748889339,3.3776119700878424,-0.03516346619608381
AP880320-0047,8.08258465005797,2.1952786309247356,-0.06034835594678752
AP880802-0073,7.047063552309754,2.0661405937922064,-0.028456765511299314
AP880414-0285,6.384172259946444,3.5239032089224738,-0.022864461255190136
AP880718-0115,5.366926284011896,1.1716035973261605,-0.017180329878964812
AP880420-0181,6.901275649125664,3.5008289883677968,-0.04096957619071911
AP880711-0175,6.252281011781904,2.5751791868977394,-0.020578558049198618
AP891212-0051,6.193335579237501,3.0631402958508938,-0.028111086119980176
AP890629-0030,7.399355726825111,3.183664293202869,-0.02499734978977936
AP880313-0097,6.765697921118705,2.822224476219422,-0.04543375749194034
AP880324-0305,6.611071903183014,2.455853613793237,-0.07481833613346464
AP880723-0185,6.81791218488803,2.9305931026365135,-0.05669969884391446
AP890802-0190,7.2007326408151595,1.4224547533904959,-0.09154053454556724
AP890403-0101,6.141815134974144,1.6151086235777545,-0.021397697024121785
AP880811-0157,5.920418750039117,2.3031872893213956,-0.023712247555526415
AP881206-0088,6.528430412691764,1.8275469804173603,-0.05839035387077161
AP880220-0125,6.5447035560032365,2.2280142072169857,-0.019042859028930454
AP880531-0026,5.326277451469942,2.697430356111072,-0.009409430426797868
AP891229-0186,5.480938108348173,2.7991729460067596,-0.04216607755439486
AP880310-0226,5.643406709800288,1.780714537014393,-0.011326258575096145
AP880803-0103,6.969481136675098,3.434035833447183,-0.037802607169061586
AP890104-0157,6.822589497017432,2.8044228696729174,-0.022451562951583622
AP890311-0159,6.514923425462283,2.8126078010732494,-0.0387401308886776
AP880326-0137,8.377711787448405,2.6430401204763654,-0.06483475700574073
AP891212-0076,6.781046458275251,4.3863362316351004,-0.04186123828843216
AP881104-0104,6.764502950554232,2.5731519344147196,-0.044997442199065166
AP890202-0004,8.061582666079921,3.6790413102916566,-0.018787478727913854
AP890414-0017,7.627823022785951,2.230396309868225,-0.029476279941325647
AP881027-0186,5.6858294425219995,2.1314476567070573,-0.016019861357407406
AP880601-0222,6.367829728189394,2.4573983782498723,-0.03685553076659213
AP880610-0043,5.588153469714377,2.6544600493920774,-0.015430387644049958
AP880413-0234,6.910825310178046,2.682904015961369,-0.014429105174184486
AP880713-0031,7.527444288103788,2.806659559845026,-0.049495140447888726
AP880411-0049,6.756202251198082,1.8736544284408054,-0.009140927370144188
AP880223-0026,5.786648760169216,1.476445491712154,-0.005840987801772516
AP890704-0109,5.959837705834826,1.6406241412276317,-0.016587919053301783
AP890522-0296,6.808469766979286,2.527887861442786,-0.037291432014174467
AP881020-0180,6.888933257464355,4.60338567782085,-0.0312358929854709
AP880801-0121,6.277411910425314,3.132465980938339,-0.018439559918210058
AP881209-0034,6.327092497360212,1.9391930561433273,-0.020343046479910473
AP891214-0098,7.583567412508196,3.185709004992662,-0.05864488766483633
AP891021-0077,6.9700310383121185,4.621786620008485,-0.043535286412549945
AP881024-0053,8.903643972770276,1.9910753603907108,-0.024292442381867133
AP890901-0017,6.238477192948378,1.265155199510842,-0.032854407030065126
AP880603-0173,7.357045349768216,2.6385049726548555,-0.01571771384696142
AP890904-0045,6.292578488436516,1.9533355511071426,-0.01358316210163034
AP880622-0316,7.587953332994329,1.7700052249269707,-0.0226664113141698
AP880630-0145,6.362940486478727,3.0594151551259534,-0.020279659743188554
AP890918-0032,6.728659509463049,2.5182008881707034,-0.025641453534721397
AP891122-0068,7.142089864004645,2.2013481613309134,-0.029194181437984423
AP890205-0052,6.08608182663349,2.563965311673324,-0.04522206228227616
AP880613-0034,7.941272720387264,3.4472837720138663,-0.04345284554167891
AP890419-0092,5.572792280902771,2.9330862652467227,-0.011097897574274266
AP880521-0028,7.101708619731894,5.042691545261579,-0.04911263252669314
AP880221-0034,5.7883152216566005,1.49838195778826,-0.03222855254515273
AP890916-0040,7.967889175142325,1.3459783931005993,-0.009076170137350462
AP880606-0073,7.0360417247681175,2.775777795040989,-0.02937686406746435
AP890531-0230,6.557707493882864,3.323250534810281,-0.030495940621877958
AP880728-0157,7.14478104620194,4.143908779969225,-0.04802976072690536
AP890226-0022,7.330065406152224,2.0718059453039013,-0.0311554140824391
AP880409-0174,5.77815628071874,1.9702970887342854,-0.008201678886493417
AP880423-0081,6.041216380324,2.0152585633484237,-0.028347327636374056
AP880421-0011,7.228158850556905,4.113880367904169,-0.04815510824674828
AP891020-0231,5.922287077336925,2.5334354354334274,-0.020905389789957346
AP890817-0039,7.609691353762806,2.9708535104179834,-0.06701493485745114
AP890325-0114,6.743544089295105,1.9791055420104122,-0.006762240315317927
AP880510-0175,7.703719084310747,3.9986457492558665,-0.05973950329439764
AP891108-0064,7.109185716401182,3.8281652971629647,-0.012239108756889218
AP890810-0212,8.085920859713767,5.740067223957924,-0.0781744676887612
AP891104-0133,6.932787658090425,3.3519153741755203,-0.031016267486764844
AP890720-0241,7.8097387445460145,3.392781813242525,-0.023039148652871478
AP890816-0057,7.446266221455665,3.5963273194738994,-0.04198373618321196
AP880618-0079,12.199684621549386,1.667911234036388,-0.01164871363929401
AP880216-0127,6.778670636874815,1.9427657804750218,-0.01911899070458142
AP880418-0006,10.228425181284692,1.1000536705014048,-0.029418320733659707
AP880318-0173,6.297003719045452,3.1308425570026404,-0.03057601582524692
AP880706-0138,6.345105806362316,2.5237331438379202,-0.003331906512402069
AP880302-0232,6.367517003221439,2.9284911449523494,-0.02172279829040132
AP890416-0082,7.542179257875815,3.128207213767398,-0.021969759903335724
AP880920-0161,6.214277472011845,2.311116105518082,-0.022151104544189084
AP891119-0020,7.869510648182389,4.433003551355417,-0.09229396887885767
AP890313-0100,11.782174159436726,1.5282543600011633,-0.057014765948732546
AP891229-0168,6.987627251523653,2.1044505597235164,-0.023583138839873632
AP880929-0138,5.834889740325456,2.427263691910757,-0.030049550700449557
AP880825-0236,6.98806134856314,2.2708950909572314,-0.019178094834513975
AP890711-0158,8.08512835005055,1.918732734390792,-0.0184806178896786
AP880908-0152,8.279411984901135,1.480294186623564,-0.0171892326531519
AP891107-0244,6.146632133112177,1.9751017742540875,-0.01909520649288744
AP880420-0258,6.394275958375751,3.2157059338728864,-0.020041903444684747
AP880215-0223,7.634778609310888,3.5762748130034803,-0.042650594022100724
AP881104-0070,8.60065947309482,1.7178338244805758,-0.06569505388500924
AP881029-0101,6.561672247871789,2.424652956173929,-0.03581586520393711
AP880226-0220,6.0696747110473925,2.2267320442493435,-0.02936677256806895
AP890817-0173,7.041794861780196,3.8326152673723954,-0.05634206886695487
AP890227-0287,5.749829016274831,2.375451853829843,-0.02493247431230387
AP880617-0289,6.719486190689062,2.67406925743397,-0.020263843007016467
AP880726-0143,6.594223414000646,1.756115688918284,-0.02194814603325229
AP890703-0148,5.948689293123752,2.690445449658246,-0.018051893836312637
AP890301-0238,7.885497438256503,3.0818733174079607,-0.02580562225574648
AP880401-0284,7.125397091863829,2.197033338925148,-0.04189899189807822
AP880421-0122,6.0159588363683625,3.1720682040482724,-0.009964946732343898
AP891215-0105,7.169379422567774,2.8970514958995923,-0.03532671236366239
AP890524-0142,7.2845123075041815,1.7416887702340713,-0.013818016093788672
AP880701-0042,5.513299865882126,0.9173851806892402,-0.02228710174855943
AP890308-0120,6.989321504450156,2.3465966094388997,-0.0308569051106746
AP891113-0164,8.019382677527565,2.447412552500931,-0.03426077476088316
AP880614-0056,7.4045135878049235,2.981150261268871,-0.07877968382262773
AP890619-0215,7.929331202601291,3.3874860884878957,-0.035196783907958294
AP891125-0082,7.111076711066908,4.142772867701199,-0.03205386749883716
AP880829-0248,5.999507858769564,2.3326473433542576,-0.026689530566555507
AP880310-0268,6.496720841641937,1.9113721673789872,-0.03079857346065911
AP890126-0068,8.413589519033547,2.572928958878046,-0.10420822307149122
AP881213-0156,5.48157231029701,2.4789078184123694,-0.013523499827175359
AP890621-0225,7.119391678815134,1.6428718477344044,-0.017447958519790543
AP890828-0248,6.6914568180835055,3.040978914411956,-0.030564813243383657
AP890712-0145,8.018059883199241,1.8309368942642514,-0.103138696897586
AP890908-0081,6.0702061245145815,3.4089983318723442,-0.048231313895212416
AP890919-0211,7.799598813571425,2.7149510801949686,-0.047071855523702806
AP891220-0104,8.606444415193764,2.059441544888446,-0.018852858764777082
AP890324-0215,6.109896310047365,1.9786607911005007,-0.07973631800687575
AP880604-0024,6.114380691982211,2.52003505390979,-0.02747093735340745
AP881124-0125,6.1801838025009666,3.534549928199565,-0.025505549496822294
AP890428-0011,6.148409230393799,1.9867845261724426,-0.011157264674588706
GX007-93-12310235,7.395090703715149,3.083976450903191,-0.017156425265492374
GX009-91-3983369,7.680375912058758,1.5887556760223354,-0.0512564331388063
GX011-80-1074652,6.756532123674467,3.1857447596405857,-0.03694264235688222
GX010-11-11242343,8.118303485898547,2.9087964389257626,-0.03514458396435303
GX244-55-7689023,5.667402099696412,1.678101613264771,-0.012986224443165013
GX058-10-5669493,6.8326283875302805,2.1915654241374574,-0.04567931412160887
GX037-41-11641254,6.046307622326011,1.503040287974954,-0.029260844512905747
GX244-07-12005999,8.199168360799623,3.6131917691506965,-0.050182469438886074
GX239-77-15534054,9.316959839517214,5.582814858499038,-0.06351123979271672
GX162-40-16201712,12.778679624744168,1.0187859143490239,-0.009680907713941157
GX005-53-8274005,7.281881253613864,2.4631299482737523,-0.03757258487892964
GX004-85-15927668,8.949099842037924,2.7137600305365046,-0.06563439912762074
GX255-80-12989449,8.843060803311706,2.236069756004613,-0.03077495056195021
GX012-07-7065390,6.119774303852685,2.3911905805536686,-0.03758452340821828
GX056-58-7243426,8.600248018142421,3.9271791006148185,-0.06668156539321493
GX002-31-7845435,5.7402383104125665,2.399574616911206,-0.014656018050336138
GX019-34-11505888,7.499766412814777,3.5542316504137466,-0.04815877673413548
GX263-35-6742201,6.0162291968885615,1.3664774017251755,-0.00920589127774596
GX248-61-4740968,5.713909297406477,2.0307279669822957,-0.015664486259107827
GX028-51-7031655,7.994724831783308,6.120998594077029,-0.0343652311091973
GX182-30-10232398,6.6480052136047805,2.2930450452101785,-0.012131853351926547
GX025-50-13449872,6.541395489475993,1.8928922882507788,-0.013198968127854645
GX043-24-11458081,6.9561089938730465,2.6680088795963193,-0.009418695923812864
GX047-87-9197196,7.582731009067099,3.966746146452383,-0.028825673528239566
GX099-91-1066558,5.945524844439804,1.5195930179317025,-0.012202690845396963
GX051-11-11608435,6.213651947036085,2.716604757646678,-0.016370028064796656
GX248-12-6205349,7.290523698503808,1.1814698105341621,-0.030747391374985392
GX000-41-7085133,7.468275916371943,3.0718614678681577,-0.024341361338828343
GX238-51-14158726,7.201130544227281,2.486164229449265,-0.047621474417845616
GX010-22-12488512,7.536097639327886,3.460153841727686,-0.019305883163535497
GX013-29-16065442,6.7749621270974485,2.6554874525589556,-0.021763369744528575
GX039-61-13743625,7.126513647904862,5.22556337154144,-0.07248515809345331
GX038-08-1047355,5.917796888337859,2.125402800020953,-0.019138052809445846
GX241-06-4201661,7.9000008194931635,3.598289676695683,-0.03325754311672698
GX269-69-7323852,5.1834700418735355,2.195595649991822,-0.0036209589954950623
GX028-26-7874309,6.184782571470527,2.3514621547244072,-0.0564374151955429
GX039-10-5518006,7.139089984568387,2.3518503734804677,-0.0271029268162737
GX095-39-11484782,7.132828969403895,1.674468873249943,-0.010744282695768647
GX012-70-1701308,6.47037940218499,1.7513876561203552,-0.011105766202660086
GX059-58-1690569,7.0414104583641555,3.3634750728410503,-0.028852269806532743
GX041-11-8127547,7.9412153477569465,2.11898921228101,-0.03359602223799041
GX045-70-1117628,4.7303106023880295,1.277055103308303,-0.013874387631631036
GX271-30-5088287,6.439565434015499,2.384649640388814,-0.030223474340228974
GX008-69-13596389,6.90795880538423,3.0380202246933883,-0.02235025767460049
GX062-64-5997432,6.005055737762537,1.7686642040130027,-0.017323708617924018
GX181-71-0463042,9.59531356238138,2.0653034342063874,-0.029947677676420002
GX237-83-3259184,7.054641848101866,1.9723200335455187,-0.08247206089750382
GX249-32-15302501,5.8430603426318415,1.4419567012696723,-0.012936775112261796
GX268-52-2344040,6.942415796995341,1.9234175149361377,-0.026904293996310304
GX005-66-14275144,8.296652381128995,1.4597255746444209,-0.01651441279707617
GX042-57-4197908,6.178570402401802,3.0619078667447455,-0.034613612503814714
GX253-15-11384719,7.285903169704724,1.4661421124841332,-0.010091039557320335
FT934-3952,6.387616673738425,2.7622282690501274,-0.0515364945073827
FBIS3-39240,8.35844519901675,2.9852491480964156,-0.03604933774350941
FBIS3-40185,8.060225262432422,3.1646067900756627,-0.02261506291710629
FT941-10100,7.37468631762624,4.125219328226535,-0.027187512052391723
FT931-4409,6.210587549032954,2.23227374402163,-0.025294783873243465
LA010189-0141,6.971571706623417,2.5356608758646813,-0.025631353082785642
FR940318-0-00101,6.70364968984449,2.2680877533967267,-0.02902777534662684
LA060889-0033,7.724695296113397,4.0748126083092,-0.0590954158312922
FT934-5147,6.292869277527523,1.79484635699233,-0.033709990363956686
FBIS3-41598,6.6187677763606265,2.6892698391527747,-0.012483709449895528
FR940217-2-00013,6.498503056539469,2.84728626320251,-0.03985453496604153
FBIS3-22836,6.199659699948107,1.7092747938368986,-0.008769904063541181
LA100690-0107,7.211606276792908,2.135402262413007,-0.021302456594686173
FT923-8257,7.233365913830514,2.273420771166008,-0.019335775333346728
LA050290-0059,8.400701851634048,3.619037128917868,-0.06110142349296701
FBIS3-33282,6.997680741436178,2.809529649444865,-0.02169737052859715
FT942-768,5.150609349979441,1.5879810148132694,-0.017484435553342975
FR940111-2-00031,6.775202032339503,1.3227688300148357,-0.023354296463917325
LA061390-0077,7.691083964784815,3.490893263701056,-0.02879224445483385
FT931-11616,5.533901271015654,2.288595823453628,-0.026452640647049202
LA111190-0027,7.5777392822353065,3.835479409084608,-0.0289735174872425
FBIS3-48894,7.65342996392311,5.103780428540591,-0.01656282874413317
FR940505-1-00242,6.3555263792750125,1.402542266311454,-0.016258228072070016
FBIS3-60778,7.688617613000636,1.4642216682160103,-0.017487813990636338
FBIS4-63852,7.478422787460611,5.243588832797266,-0.05017986114989009
FT943-8528,6.310538814259925,2.1163396657565485,-0.02838248482820094
FBIS3-7689,6.921293519694744,2.5446978555769744,-0.08319457219727514
FR940525-1-00060,6.617709082780341,1.4446355899572705,-0.012699735722699128
LA060590-0046,7.341803017499399,1.0070461349016444,-0.020242348551836795
FT923-6521,6.3738515241530775,1.9141392198157443,-0.033917820752873064
LA071190-0129,5.699711538258658,2.092189605463125,-0.01563359837683543
LA122289-0076,8.169863203429298,2.7926894940730733,-0.0207017551032331
LA051289-0178,6.170965380073993,2.8512113413318216,-0.013887840634897225
LA011489-0121,6.707336909959336,1.658900003233055,-0.015946594816864477
FT944-11346,6.184932628169086,2.192486798211168,-0.01735131889640899
FT942-6494,6.746565692234723,3.9399713825508313,-0.020242763329211728
FBIS4-53910,5.988835232215733,1.8825060833278109,-0.01908855610780311
LA031490-0077,6.469105298695836,4.240830615776202,-0.015458088169627364
LA040789-0040,6.756208461343577,1.923386603769135,-0.014668848507552195
FT922-3424,6.529982602950987,2.3518124554562307,-0.028494615078741525
LA122889-0074,6.038654032266713,2.1091942169368965,-0.02046217820219675
FT924-2507,6.550755770620993,2.2155919904456396,-0.00725715543658795
LA081190-0094,6.116014265009725,2.59075822714414,-0.028962116083817466
FBIS3-22688,7.38141360666167,2.170865084527344,-0.019018818870965102
FT924-4583,6.660101853908275,2.0422505054791165,-0.02438569021211711
FT924-4768,6.970574424924542,2.011631856653829,-0.006609201334704058
FBIS4-17908,7.174729481450889,4.574311882197998,-0.013276859771403176
LA012490-0048,5.456300106405102,1.966933356703684,-0.024792358035199812
FT921-8098,7.453170341835607,3.7723693750500034,-0.012025098064455534
FR941122-0-00087,7.375554289558314,2.5508753718124884,-0.06853257377336407
LA112090-0041,6.0917741615765895,1.4887913539447932,-0.016232278887427374
LA052189-0013,6.166778237822248,2.28983802977065,-0.017938222908970927
FBIS4-51781,7.138293687396484,1.8559096187769146,-0.014517278420944475
FT922-13711,6.40441586530131,2.9157656543764845,-0.052000530522655936
FT942-7776,9.983933441801522,3.1157456136967427,-0.00809871180064827
FT941-5245,6.389304382120067,2.0562951396678266,-0.035007887722028515
FBIS3-54525,5.8403746703981305,1.8792949641519443,-0.007328793892919615
FBIS4-14446,7.871951928862551,3.1971199798582344,-0.07527487610316802
LA082989-0016,6.874838681764853,2.251136748751363,-0.04952849659348022
FT943-12288,6.48571180912426,4.599955354761862,-0.024191173216467826
FBIS4-10906,7.747327275249069,3.3346725756007123,-0.03612552673413837
LA080489-0057,5.975811761764778,2.545319834309104,-0.03361739873326885
FT921-12562,6.043925838881935,1.78627906127839,-0.020723901294072856
FT944-4092,6.5153056310037005,2.8043147586162207,-0.08762163779863368
LA111789-0141,6.289757363053579,1.9555834801765457,-0.04662613989632706
FT923-437,7.310807821421445,2.7878239353964753,-0.03510797506550315
LA052190-0103,5.7693682991128785,2.078055716954841,-0.031848496775202226
LA042090-0123,6.416484118645544,2.251963305793131,-0.011698012308600821
FT933-7879,6.0691479441388525,1.999240470622891,-0.04455787558325165
FT942-4421,6.8720589657837685,1.9013864026170275,-0.04612076451315243
FT944-18682,6.546342852117266,3.949507342221078,-0.046339316428575666
FR940817-2-00019,7.621072247539976,3.6302489839846546,-0.019891145596439494
FT923-12937,7.147705756958082,2.553622379746975,-0.016966490742755722
LA010590-0075,6.543282900201272,1.88156569552157,-0.025386586951915355
LA101789-0057,10.80756806829826,3.029616391378334,-0.11231587789980586
FR940511-0-00062,7.3719772218359285,2.220071413302784,-0.020718900722002775
LA112789-0106,6.634296498921282,3.3248706263712706,-0.015276784338186297
FBIS4-51839,5.050653302181445,1.584014400049609,-0.0107485464785401
LA111690-0002,6.184177885277867,3.3435460428889257,-0.0421057083959444
FBIS4-33117,5.933487763594529,2.248846361957709,-0.03753248062288793
LA060790-0008,5.963687701660597,2.8104033085362663,-0.02520332014510451
LA111489-0003,6.046255067310506,4.33128257394101,-0.03670712643796707
FBIS4-39383,6.358032474109557,2.4464862836801755,-0.017259019979706552
FBIS3-60253,6.9256609515651055,2.3377384657492017,-0.021306740758776685
FT944-5248,7.047235297178465,2.737801892652024,-0.023612867430250945
FBIS3-19056,7.156440511704099,2.6252735163051795,-0.04701473836786329
LA102589-0109,7.4230994651362625,4.106837267595478,-0.035878478855184935
FBIS3-58832,6.4180270369303205,1.9029822469734163,-0.019770997560861044
FT924-1255,6.882862817156029,2.336837142023576,-0.022230705560110333
FT924-979,7.793974799685453,3.8910576691750585,-0.04450207796409791
FBIS4-53596,6.8008345068311,3.357632887089971,-0.0459230656387602
LA031789-0039,7.592619493596818,2.1730242759512817,-0.03607163221857339
FBIS3-10018,6.707418730332779,1.9901995564557666,-0.03921328875395407
LA031990-0016,6.259391602682031,2.666155680808254,-0.02353484451186856
FBIS3-23959,5.6304059514619,3.09147985296032,-0.021075594826051675
LA120790-0178,6.67532214378783,1.8158116221376883,-0.013210826665834128
FR940406-2-00174,6.948924996774566,0.9412494767052293,-0.013942810838561812
FBIS3-2746,7.590642479329827,3.834287841622931,-0.028804619629001747
LA081789-0025,7.701792552488758,0.9093864088878375,-0.015033698065137421
LA040690-0016,7.345702276836216,2.595246852585775,-0.03856513413293814
LA102289-0049,6.291815988073535,2.309419994218502,-0.011759687547986472
FT941-11412,12.392667866991088,2.877627518065561,-0.05343067032998821
FT941-15258,6.262582826062621,3.4676958933586355,-0.044323389677182294
FT943-15585,6.4985676998312165,3.2905422801840727,-0.04646118982120411
FT933-219,6.762704416888578,2.210512584734915,-0.04308629780945569
LA041989-0063,6.913255290986672,5.56213362695035,-0.027130270900700137
FT943-14834,7.167454556646622,4.988488400522987,-0.03998977679094329
FT932-8409,7.218363646721948,3.4747205699064905,-0.02797513132621372
LA100590-0009,6.013303627036118,2.025670429809617,-0.02179917437753182
FT941-8610,8.123895265903844,2.5260393566467174,-0.055360847937311344
FT923-4554,6.046123711050875,3.7814595359302787,-0.01850850226676805
FT934-2957,6.513427358847503,2.746473905472807,-0.025068115210267198
FBIS4-31073,6.356644963662657,2.755170510153437,-0.02397083751539618
FBIS3-45804,6.695081728355922,2.7834475211419503,-0.013676419857782233
FT941-5957,6.091637694897975,2.400648434125619,-0.03132442008652337
FT922-5274,6.277812355538667,2.5733737712019398,-0.036013825408130244
LA032489-0044,6.482713112073218,1.9192621824602814,-0.03888439683227084
FT923-2323,6.534264649125098,2.779671645283475,-0.030729576562924757
FBIS4-47102,6.97548167134711,2.3452716884516436,-0.04430699800790302
FT942-8508,7.034495673008465,3.5714684691810135,-0.04938080899148755
FT934-7301,7.804608365523884,1.35940472847358,-0.016516219643213374
FT943-9539,7.034162327124755,2.6049041653461744,-0.019440049905026024
FBIS3-23491,6.503004855065279,2.4440885043729383,-0.016771263996340713
FT923-10363,6.27336066612992,1.699498964214897,-0.014706338941211022
FR940913-0-00011,5.5589484749970985,1.2266408517540364,-0.019259808171805753
FT944-3758,6.325825221800128,1.9884432047442069,-0.027006374584704836
LA092990-0004,7.030436013461362,2.5029317080313627,-0.07575153817267503
LA091289-0112,6.107502224386456,1.680690940805889,-0.015960617015992076
FT924-4322,7.368209976814926,2.88794590316729,-0.0264221526460799
FT921-4613,6.070620481469547,1.7396208689734656,-0.018370465574115712
FT944-1628,5.852501039519504,1.8320948398396406,-0.011566013067470774
FBIS4-40530,14.285614559058768,2.1493448239160227,-0.01989275663484219
LA100490-0070,6.369264331278558,2.704249430080407,-0.04120786611565086
LA070989-0158,5.860520090815119,2.799863076116076,-0.019681025959527924
LA081489-0040,6.403031690393876,2.2943123707234276,-0.020347875749813355
FBIS3-41220,7.853932682679464,3.843306620505819,-0.059903823236503395
FBIS4-33288,8.23072537317652,1.0520378553989738,-0.008440804215074541
FT921-5044,8.061977456006339,1.968914062696086,-0.07347190038722452
LA071190-0029,6.860732061620896,2.19833942532069,-0.009940536616190338
FBIS4-52309,6.429074581170634,2.711386928659816,-0.02904689709217374
LA060390-0073,7.130000362187271,3.4076756897168416,-0.03840153471672059
FR940405-1-00092,6.349982548551018,1.6244557757660374,-0.04609037388738095
LA081789-0020,6.601373194599623,2.710656004361247,-0.01861977735938554
LA111690-0058,5.715022908190549,2.4671045970602115,-0.023871930759172103
FT923-6110,6.250963335380043,2.5968279075573966,-0.022499559854691598
FBIS4-5631,6.497267870178258,1.9141042431500872,-0.02521568569975663
FT942-2505,8.122603725951437,2.8767069250681017,-0.02653816312666518
FR940405-0-00020,7.0717138959211185,1.1594368731695925,-0.013342729261073888
FBIS3-4361,6.182950350294284,2.242331200401943,-0.017729237789636542
FT944-15143,7.296338626950222,2.588953626677466,-0.03689616871977239
FBIS3-20897,5.577736039849215,2.2470830139309377,-0.013470350196754806
LA022389-0218,5.815657711283612,2.3774373727222007,-0.03968348258242791
FT924-2356,6.313790487523351,4.307188646123236,-0.055608220886113446
LA083089-0044,5.76887572946223,1.7967598280357862,-0.012669604825366792
FBIS3-9311,5.956280392162655,2.0649088187791986,-0.00952187659181382
FR940831-2-00152,7.727180615750478,1.8949761328005494,-0.013738837347657228
LA060390-0136,7.207229489082433,1.310277630614546,-0.013815013536837584
FT933-3647,7.131814554522768,2.8915591139792607,-0.01752153650655376
FT923-3617,6.70100476265351,3.140752781323969,-0.07145750377400598
LA071390-0053,6.550161452481382,2.7033280049480233,-0.040914238450424155
LA061489-0087,7.193970766915668,3.005896681413984,-0.010356798122915047
FT943-13239,6.917727687558562,2.2451221796735648,-0.03679507267855911
LA061090-0221,7.250444939360194,1.6433092198226702,-0.01318136440897868
LA050390-0240,6.209534570614775,4.412379304435083,-0.023423939339223095
LA102689-0143,5.804553439855609,3.0929821797394075,-0.021325799343691637
LA071590-0193,6.281853170479718,2.3402373368651723,-0.025049314354336768
LA120890-0010,7.035033134811853,1.0084464033002976,-0.007561944512881021
FT921-14761,7.995739979004168,3.2494250765619945,-0.12190075022384032
LA051489-0205,6.382580591282624,2.1574967079655134,-0.028540924643952928
FT933-15380,5.792686167101284,4.030023126973827,-0.028060859260130633
FR941207-1-00023,6.751776316769049,1.589698261110599,-0.049048419438699614
LA032989-0060,7.7313579021061765,1.1064183697292855,-0.016078857589871827
FT921-5609,5.960857360153718,3.2577823015726572,-0.015929150993191858
FBIS4-2353,7.193023356731004,3.2534507818918597,-0.0381219813680345
FT931-16191,6.09700970330948,2.2308936567643576,-0.00607478795026402
FT943-7580,7.154049650551822,3.12083194864313,-0.011340846397316312
FBIS4-35578,7.2789705757067535,2.5428155449507366,-0.04211623206755791
FT943-13263,7.395196603972503,3.055230477827152,-0.02082641796733796
FBIS4-6232,6.441948436101858,1.7139431035278547,-0.01963061706188464
FT924-8113,6.463370426743342,2.514609571954875,-0.039959087878611514
FBIS4-62259,6.697932760363181,2.8163858819058927,-0.015426491808786238
FBIS3-59251,5.777580185741385,3.074508489215106,-0.01578722614885288
WTX099-B24-354,6.292928080839208,1.2582793984257268,-0.018374759810328142
WTX101-B11-76,7.279788985261371,2.9380931499043723,-0.05849035006671918
WTX016-B14-3,7.592429289239155,3.181288770008625,-0.012813696285320671
WTX018-B20-194,8.068610378497599,1.4021924911705057,-0.03165595066840378
WTX026-B08-107,6.469607675032044,1.5684434951314317,-0.010838555911098988
WTX024-B42-140,6.195484724204976,1.6124894881781446,-0.04414262858265179
WTX057-B41-159,6.57348386534474,1.3880728390454065,-0.038731534918489616
WTX089-B39-68,7.3460720599461276,2.2524057991681206,-0.02034723044090268
WTX081-B02-21,8.76436736388464,4.206520024653092,-0.05021124601444619
WTX054-B01-194,7.80894141245782,3.6001858834477205,-0.01705751927537958
WTX076-B01-163,8.956653503232094,4.626798988893784,-0.04609357308433106
WTX032-B12-153,8.897650338274183,1.6508981920826247,-0.05099059601593372
WTX095-B42-140,6.8785071792828765,3.0172601070486116,-0.07562016338949805
WTX100-B38-46,7.928318479317943,3.089399482320586,-0.14182588954298928
WTX007-B23-168,8.101953715325271,3.6244126812480886,-0.05186011622337639
WTX103-B08-129,6.991041979807972,3.398054933551066,-0.08123180096371951
WTX055-B20-171,7.118205425641411,2.789350555735177,-0.04458449557306116
WTX005-B32-89,7.975078806521623,3.0047389608412653,-0.03526968087788152
WTX075-B17-172,7.462845664257142,2.704383919853835,-0.015546062233568648
WTX089-B35-206,13.597682932789146,1.6450733030221094,-0.01394316599573872
WTX038-B09-325,6.802686218921365,3.0497437475376636,-0.028362981065720376
WTX069-B10-201,6.27221682718384,1.484169393560496,-0.014305104991345935
WTX081-B24-154,5.869545820832023,2.2506525100521904,-0.02311970950317768
WTX012-B01-13,5.924914659027781,2.308082299508636,-0.03706709968878453
WTX075-B46-114,9.365013440880256,2.8660206163935977,-0.060895957930612934
WTX042-B24-60,8.543464740973322,4.573290422811036,-0.02555551189115885
WTX082-B28-250,8.992667333450765,4.5892289721208375,-0.04828075011926455
WTX005-B27-138,8.263530130030768,2.9499396850139497,-0.01763945517215574
WTX094-B13-165,11.476616462345715,2.5811282210826674,-0.014464529693041548
WTX033-B18-207,7.90957828119568,1.6012738268546332,-0.050744137461940494
WTX026-B17-307,8.400217868059487,3.633648314609929,-0.06708724296845311
WTX091-B03-478,6.337876530050508,1.9030406433340865,-0.018168886721958436
WTX027-B07-9,6.333750736362214,2.072717364456863,-0.01389664152055602
WTX091-B18-4,6.2994809053129215,2.0310258716989518,-0.007867359844741805
WTX091-B19-93,6.955636315154491,2.7997816832179803,-0.04809918399092863
WTX003-B06-129,8.396260373719779,2.754713105794336,-0.0645801273202658
WTX018-B45-20,5.909764490942411,3.03919124209302,-0.019819656454032143
WTX004-B09-278,8.712963136847739,1.5399691814564271,-0.056014481746906944
WTX077-B26-141,7.374078001290008,1.497870109433356,-0.013429615141850659
WTX075-B46-126,8.939189445021697,2.678892270360505,-0.05625596378741813
WTX033-B27-117,8.572754124352898,1.5908114404128588,-0.07767848407764498
WTX098-B02-3,6.460994942490334,2.8885823544585665,-0.014302355758012239
WTX098-B38-283,10.148822606608698,1.384739454258983,-0.014047520115231587
WTX020-B20-176,8.844304910559474,3.4283897697279437,-0.05566976724152213
WTX015-B32-32,6.330645511927315,1.2163346558635992,-0.015026849734050825
WTX082-B47-85,5.087037896706702,1.7236914198962225,-0.012746664483880147
WTX008-B25-3,7.378776662737778,2.1580012054282074,-0.022847602921143836
WTX029-B30-527,6.125989202199547,3.26653129609373,-0.017483040797457543
WTX004-B02-400,6.852739485674256,2.887033568774973,-0.013710263718960353
WTX020-B26-197,6.405816327175455,2.0998624006819955,-0.01616915095164511
WTX014-B31-489,8.750032626910691,2.6193689814315504,-0.04138171574369562
WTX046-B34-91,7.87712609035788,1.9743984259127305,-0.029258394663623403
WTX045-B28-110,7.31147361750681,2.5766212818412297,-0.10446639094849029
WTX052-B12-194,6.464901269484385,1.9663369933674417,-0.005591760327497475
WTX089-B12-407,7.2014613952956195,2.009329762549199,-0.02204237492120601
WTX053-B35-467,12.092584612800296,2.451209066195664,-0.06318173991536774
WTX072-B20-153,8.557603621872913,2.668843544468717,-0.05213626608836902
WTX093-B38-193,6.630353996571685,1.0246833260387325,-0.009316816560917582
WTX017-B49-75,6.402976656444716,1.6480584181496205,-0.02297320579100165
WTX032-B45-230,6.115336729092413,1.7788471038137341,-0.032408633601382617
WTX095-B05-293,8.524447379967793,2.662488769961693,-0.04237250386371394
WTX035-B24-76,6.587324825704203,1.7278611394443053,-0.015537907827175275
WTX077-B24-251,5.29679285403744,2.4551633288146646,-0.018108404541315043
WTX035-B22-303,12.481144601314071,1.5749465638773001,-0.03976214970444954
WTX060-B05-184,6.8096862923611585,2.8340989814695927,-0.07359272145379353
WTX102-B11-388,7.034903096411036,2.1940025551780726,-0.025090592660725976
WTX020-B20-34,9.398942956610167,4.538644812613184,-0.07323586501533763
WTX014-B11-321,5.90226400161072,1.3653289531467332,-0.006832127518315072
WTX037-B32-293,10.538607355128061,1.1211189665080608,-0.011195313201143225
WTX086-B44-254,6.961632940597822,2.664291564665097,-0.05203856508520149
WTX049-B50-20,14.263757167998405,0.9362502768257202,-0.013514223320639519
WTX064-B48-196,8.261814891211355,2.437725671304155,-0.047218909487971215
WTX051-B26-13,7.607671951386709,3.5603431938751156,-0.03899442215229646
WTX014-B31-524,7.600812288617579,2.361126077476813,-0.044893130731171876
WTX055-B12-189,6.598578102094976,0.8300123256276795,-0.03452374638568526
WTX005-B48-79,7.734456177215212,6.351166408550941,-0.0538184541932277
WTX078-B32-69,6.729888550206646,2.0005773428227522,-0.038694838060966706
WTX102-B22-133,7.6823154631177335,0.6877485026995924,-0.010862704261507426
WTX059-B09-72,5.752699597639728,2.343978440579019,-0.0059480030727601056
WTX075-B39-322,7.059788186029764,1.9858687740898695,-0.030605221024669952
WTX089-B19-268,5.516544762442326,1.3474470951387125,-0.00601009925123732
WTX047-B39-305,7.940863316745902,1.6450494567216538,-0.01025755070009422
WTX018-B14-145,6.762656294333808,2.1163249442434657,-0.02495230412303331
WTX019-B40-24,6.991755484419079,2.113203841107239,-0.05131238695638216
WTX091-B17-152,5.308906699087163,3.340405241669272,-0.019082316302815313
WTX097-B15-21,6.980981035507727,1.9619884976924211,-0.021519298289357874
